105.0
111.0
101.0
114.0
120.0
105.0
102.0
116.0
100.0
108.0
121.0
101.0
110.0
111.0
111.0
56.0
55.0
50.0
76.0
105.0
110.0
117.0
101.0
110.0
101.0
116.0
52.0
55.0
54.0
104.0
71.0
101.0
121.0
101.0
112.0
97.0
99.0
115.0
110.0
102.0
108.0
52.0
52.0
105.0
110.0
111.0
120.0
114.0
83.0
82.0
75.0
101.0
121.0
101.0
112.0
97.0
99.0
115.0
110.0
102.0
108.0
52.0
52.0
97.0
97.0
108.0
67.0
121.0
97.0
112.0
121.0
97.0
83.0
52.0
108.0
95.0
105.0
112.0
111.0
102.0
102.0
102.0
108.0
83.0
108.0
95.0
105.0
112.0
111.0
102.0
102.0
102.0
108.0
83.0
108.0
83.0
71.0
65.0
51.0
89.0
85.0
105.0
105.0
101.0
103.0
110.0
103.0
49.0
49.0
97.0
120.0
104.0
74.0
105.0
105.0
101.0
103.0
110.0
103.0
49.0
49.0
97.0
120.0
104.0
74.0
110.0
101.0
117.0
109.0
109.0
90.0
72.0
97.0
119.0
114.0
50.0
105.0
103.0
110.0
97.0
114.0
101.0
118.0
115.0
87.0
100.0
72.0
78.0
111.0
111.0
97.0
114.0
100.0
108.0
107.0
68.0
88.0
114.0
97.0
90.0
105.0
103.0
101.0
101.0
109.0
114.0
114.0
90.0
80.0
97.0
110.0
99.0
116.0
70.0
71.0
82.0
111.0
121.0
101.0
101.0
115.0
107.0
105.0
105.0
105.0
101.0
110.0
87.0
107.0
70.0
111.0
109.0
111.0
111.0
101.0
97.0
112.0
120.0
99.0
83.0
111.0
121.0
101.0
101.0
115.0
107.0
114.0
101.0
121.0
97.0
117.0
110.0
83.0
65.0
108.0
105.0
121.0
111.0
112.0
109.0
110.0
118.0
99.0
120.0
116.0
98.0
105.0
101.0
101.0
114.0
114.0
112.0
101.0
118.0
97.0
114.0
105.0
116.0
116.0
83.0
108.0
84.0
105.0
110.0
101.0
101.0
110.0
109.0
97.0
99.0
120.0
66.0
104.0
69.0
101.0
101.0
114.0
110.0
119.0
111.0
111.0
84.0
100.0
104.0
67.0
105.0
105.0
110.0
97.0
110.0
117.0
111.0
101.0
110.0
109.0
97.0
116.0
70.0
105.0
97.0
119.0
114.0
97.0
101.0
112.0
101.0
110.0
109.0
97.0
120.0
108.0
83.0
108.0
69.0
114.0
111.0
111.0
101.0
111.0
115.0
68.0
108.0
67.0
45.0
101.0
118.0
101.0
110.0
111.0
111.0
101.0
101.0
97.0
99.0
99.0
114.0
41.0
56.0
55.0
108.0
108.0
40.0
78.0
104.0
107.0
108.0
87.0
105.0
45.0
101.0
101.0
110.0
111.0
121.0
110.0
111.0
101.0
101.0
97.0
118.0
115.0
114.0
41.0
52.0
108.0
108.0
40.0
98.0
80.0
104.0
107.0
108.0
87.0
105
45
101
101
110
111
121
110
111
101
101
97
118
115
114
41
52
108
108
40
98
80
104
107
108
87
